0_ad-cK9v_0_conf_0.75.jpg: [90, 2218, 466, 2600]
10_ad-cK9v_11_conf_0.73.jpg: [1582, 235, 2031, 541]
11_ad-cK9v_12_conf_0.51.jpg: [1050, 258, 1396, 567]
12_ad-cK9v_13_conf_0.91.jpg: [707, 252, 1079, 2602]
13_ad-cK9v_14_conf_0.61.jpg: [404, 1059, 784, 1608]
14_ad-cK9v_15_conf_0.78.jpg: [1360, 260, 2014, 589]
15_ad-cK9v_16_conf_0.93.jpg: [1042, 762, 1403, 1653]
16_ad-cK9v_17_conf_0.60.jpg: [390, 273, 768, 807]
17_ad-cK9v_18_conf_0.59.jpg: [408, 2103, 778, 2597]
18_ad-cK9v_19_conf_0.78.jpg: [96, 264, 464, 2589]
19_ad-cK9v_20_conf_0.93.jpg: [1353, 511, 1715, 2589]
1_ad-cK9v_1_conf_0.92.jpg: [706, 243, 1076, 1597]
20_ad-cK9v_21_conf_0.85.jpg: [96, 489, 448, 1956]
21_ad-cK9v_22_conf_0.79.jpg: [1651, 2063, 2011, 2577]
22_ad-cK9v_23_conf_0.93.jpg: [1032, 1146, 1410, 2609]
23_ad-cK9v_24_conf_0.82.jpg: [1025, 285, 1392, 2609]
2_ad-cK9v_2_conf_0.70.jpg: [396, 1532, 780, 2553]
3_ad-cK9v_3_conf_0.62.jpg: [94, 1786, 453, 2601]
4_ad-cK9v_5_conf_0.59.jpg: [1665, 2067, 2023, 2592]
5_ad-cK9v_6_conf_0.68.jpg: [1345, 511, 1710, 942]
6_ad-cK9v_7_conf_0.81.jpg: [1657, 665, 2019, 1270]
7_ad-cK9v_8_conf_0.90.jpg: [400, 312, 771, 2603]
8_ad-cK9v_9_conf_0.87.jpg: [715, 1669, 1088, 2604]
9_ad-cK9v_10_conf_0.93.jpg: [1661, 662, 2014, 2119]
